1	377	1793
2	1794	17844
4	17845	45256
5	45257	55870
6	55871	68940
5	68941	76165
4	76166	77821
5	77822	115823
4	115824	167208
2	167209	307736
3	307737	311661
6	311662	346076
7	346077	415037
6	415038	428407
5	428408	451682
6	451683	456463
4	456464	456933
3	456934	529117
4	529118	554339
6	554340	569354
7	569355	623338
6	623339	646612
5	646613	696230
3	696231	702444
4	702445	733173
3	733174	742428
5	742429	744067
6	744068	755963
7	755964	758310
6	758311	769618
5	769619	789325
4	789326	799635
3	799636	902140
4	902141	903170
3	903171	988149
2	988150	1008566
1	1008567	1020713
2	1020714	1049927
1	1049928	1083804
2	1083805	1142955
3	1142956	1147822
2	1147823	1182377
3	1182378	1189182
4	1189183	1213472
5	1213473	1214135
6	1214136	1215178
5	1215179	1215505
4	1215506	1217418
5	1217419	1221792
4	1221793	1231946
3	1231947	1283804
2	1283805	1291955
3	1291956	1292955
2	1292956	1309734
1	1309735	1314391
2	1314392	1452628
3	1452629	1483130
4	1483131	1574408
5	1574409	1609515
5	1609516	1610046
6	1610047	1617777
7	1617778	1619477
8	1619478	1637357
7	1637358	1639309
8	1639310	1640648
7	1640649	1662462
6	1662463	1674039
5	1674040	1674334
4	1674335	1683585
3	1683586	1697635
2	1697636	1720122
1	1720123	1836882
2	1836883	1849257
1	1849258	2014197
1	2043376	2045792
1	2062347	2109692
2	2109693	2130120
3	2130121	2136825
4	2136826	2145625
5	2145626	2146221
4	2146222	2188916
5	2188917	2194649
4	2194650	2242268
3	2242269	2253747
2	2253748	2300052
1	2300053	2314236
1	2315869	2316934
3	2316935	2322890
4	2322891	2362948
3	2362949	2366113
4	2366114	2370108
3	2370109	2394115
6	2394116	2413981
7	2413982	2436574
8	2436575	2436745
9	2436746	2440253
6	2440254	2441928
7	2441929	2446449
8	2446450	2476247
9	2476248	2477116
10	2477117	2478654
11	2478655	2478864
10	2478865	2480087
8	2480088	2482322
7	2482323	2488308
6	2488309	2488352
5	2488353	2490250
4	2490251	2526430
3	2526431	2527930
2	2527931	2543483
1	2543484	2573418
2	2573419	2573766
3	2573767	2574505
4	2574506	2575494
5	2575495	2576191
4	2576192	2577600
5	2577601	2579129
6	2579130	2579757
5	2579758	2580948
4	2580949	2594340
5	2594341	2598915
4	2598916	2599199
3	2599200	2600427
4	2600428	2604292
3	2604293	2605366
4	2605367	2606128
3	2606129	2607836
4	2607837	2610166
5	2610167	2612534
4	2612535	2612674
5	2612675	2612976
6	2612977	2613498
5	2613499	2613788
6	2613789	2615741
5	2615742	2618696
4	2618697	2619134
3	2619135	2619295
2	2619296	2622863
1	2622864	2723446
1	2795967	2837347
1	3117044	3142452
2	3142453	3207805
3	3207806	3216519
2	3216520	3262922
3	3262923	3265008
4	3265009	3278797
5	3278798	3284281
6	3284282	3284831
5	3284832	3323675
4	3323676	3326059
3	3326060	3358002
4	3358003	3373232
3	3373233	3383351
4	3383352	3392375
5	3392376	3401599
6	3401600	3409386
5	3409387	3412873
4	3412874	3419128
3	3419129	3431123
4	3431124	3437262
5	3437263	3441177
4	3441178	3446730
3	3446731	3476985
4	3476986	3497720
3	3497721	3500492
2	3500493	3538712
1	3538713	3539056
1	3567200	3574900
2	3574901	3645395
1	3645396	3710698
1	3749765	3751121
1	4025643	4027278
1	4647597	4650889
1	5027130	5068704
1	5189627	5267543
2	5267544	5414366
1	5414367	5459264
1	5733711	5785938
2	5785939	5788849
1	5788850	5795528
2	5795529	5836207
1	5836208	5868137
1	5872056	6045643
1	6106679	6111937
2	6111938	6112801
3	6112802	6135456
2	6135457	6156159
1	6156160	6247064
1	6379059	6411973
2	6411974	6421413
4	6421414	6437920
3	6437921	6494761
2	6494762	6508455
3	6508456	6514590
2	6514591	6570176
1	6570177	6587989
1	6717817	6720270
1	6725208	7412583
1	7412584	7492153
2	7492154	7492400
3	7492401	7492404
4	7492405	7492620
5	7492621	7492653
6	7492654	7493365
5	7493366	7494001
4	7494002	7494049
5	7494050	7494113
4	7494114	7494270
3	7494271	7494352
2	7494353	7598887
1	7598888	7610645
1	7637194	7638276
1	7778984	7787526
1	8105171	8111871
1	8125994	8128716
2	8128717	8131907
1	8131908	8276743
3	8313475	8318146
2	8318147	8332258
1	8332259	8338734
2	8338735	8344017
1	8344018	8346096
1	8500203	8503821
1	8668859	8810827
2	8810828	8812826
1	8812827	8839226
1	8931993	8934308
1	9089163	9197218
1	9238434	9240987
2	9240988	9243827
3	9243828	9246496
4	9246497	9249999
5	9250000	9255289
6	9255290	9311804
5	9311805	9316594
4	9316595	9319246
2	9319247	9327279
1	9327280	9334994
1	9455825	9457889
2	9457890	9462279
1	9599480	9609583
1	9685183	9688694
1	9748873	9780073
1	10160657	10291452
2	10291453	10292898
5	10292899	10293127
6	10293128	10293466
7	10293467	10296089
5	10296090	10297765
7	10297766	10300532
6	10300533	10300569
5	10300570	10301002
2	10301003	10301595
1	10301596	10374376
2	10374377	10382185
1	10382186	10404834
2	10404835	10405038
3	10405039	10405067
4	10405068	10406365
3	10406366	10406534
2	10406535	10406589
1	10406590	10491479
2	10491480	10493787
1	10493788	10505140
2	10561191	10565783
1	10595781	10627397
2	10627398	10628677
4	10628678	10640183
2	10640184	10642231
3	10642232	10665088
4	10665089	10673018
3	10673019	10677006
4	10677007	10678783
3	10678784	10719452
2	10719453	10782505
1	10782506	10977733
1	11295225	11320951
1	11633148	11636149
1	12066125	12263548
1	12431530	12456054
1	12521755	12641797
2	12641798	12645770
1	12645771	12665987
2	12665988	12666628
3	12666629	12668260
2	12668261	12669218
1	12669219	12694221
2	12694222	12710992
3	12710993	12743456
4	12743457	12756839
5	12756840	12758454
6	12758455	12768449
7	12768450	12769530
9	12769531	12783335
22	12783336	12788506
24	12788507	12789485
25	12789486	12790823
24	12790824	12793127
25	12793128	12793913
27	12793914	12802739
25	12802740	12802942
24	12802943	12805682
23	12805683	12811294
24	12811295	12814712
23	12814713	12815836
24	12815837	12826586
25	12826587	12826892
26	12826893	12831823
27	12831824	12833786
28	12833787	12834674
28	12834675	12836481
28	12836482	12836482
11	12836483	12849693
10	12849694	12858350
11	12858351	12859735
12	12859736	12860136
11	12860137	12871343
10	12871344	12939391
11	12939392	12959728
12	12959729	13064452
11	13064453	13065154
10	13065155	13066950
11	13066951	13068704
10	13068705	13074207
9	13074208	13076385
10	13076386	13081669
11	13081670	13082357
12	13082358	13084888
11	13084889	13092064
10	13092065	13093154
9	13093155	13093904
8	13093905	13101083
9	13101084	13101084
10	13101085	13101307
11	13101308	13108492
10	13108493	13110502
9	13110503	13223980
8	13223981	13226051
7	13226052	13245158
8	13245159	13249633
7	13249634	13300691
6	13300692	13317494
7	13317495	13340608
6	13340609	13345301
7	13345302	13366852
6	13366853	13388472
7	13388473	13388793
6	13388794	13389683
5	13389684	13393617
6	13393618	13404462
5	13404463	13420642
6	13420643	13429748
5	13429749	13566137
6	13566138	13583802
5	13583803	13587685
4	13587686	13609313
5	13609314	13610511
4	13610512	13621822
3	13621823	13635360
4	13635361	13645075
3	13645076	13646731
4	13646732	13649227
3	13649228	13652863
2	13652864	13672043
1	13672044	13749641
1	14157047	14159050
1	14167192	14177668
2	14177669	14242954
1	14242955	14244986
1	14308680	14309424
2	14309425	14309626
3	14309627	14309658
4	14309659	14311416
3	14311417	14311525
2	14311526	14311614
1	14311615	14311765
1	14337190	14339035
1	14551787	14593525
1	15128849	15133914
1	15149071	15151882
1	15361772	15362872
1	15373466	15383248
1	15402847	15423111
1	15458200	15461345
2	15461346	15466252
1	15665011	15669394
2	15669395	15681458
1	15681459	15683807
1	15888573	15967902
1	16000067	16009069
2	16009070	16024927
3	16024928	16027693
2	16027694	16028009
1	16028010	16051775
3	16213047	16219043
5	16219044	16220998
9	16220999	16222298
10	16222299	16230671
9	16230672	16235587
10	16235588	16235847
11	16235848	16236613
12	16236614	16239139
13	16239140	16240717
14	16240718	16240910
15	16240911	16240989
14	16240990	16242801
10	16242802	16244483
9	16244484	16245710
8	16245711	16248853
9	16248854	16249417
8	16249418	16251917
7	16251918	16253168
5	16253169	16256941
4	16256942	16258925
3	16258926	16259903
2	16259904	16261897
1	16261898	16262378
1	16612540	16636919
2	16636920	16660168
3	16660169	16673253
4	16673254	16675615
5	16675616	16681280
7	16681281	16682452
8	16682453	16684182
7	16684183	16684762
6	16684763	16694144
7	16694145	16705186
8	16705187	16720592
7	16720593	16727662
8	16727663	16738730
9	16738731	16758431
10	16758432	16759149
11	16759150	16760882
13	16760883	16764274
11	16764275	16764975
12	16764976	16765079
13	16765080	16765093
12	16765094	16766616
11	16766617	16767862
12	16767863	16771827
13	16771828	16781279
14	16781280	16781676
15	16781677	16782707
14	16782708	16783341
15	16783342	16786713
14	16786714	16788231
13	16788232	16789644
12	16789645	16795828
14	16795829	16806981
13	16806982	16820713
14	16820714	16847038
15	16847039	16869757
14	16869758	16878775
15	16878776	16880178
16	16880179	16882143
17	16882144	16882157
18	16882158	16882679
16	16882680	16884241
17	16884242	16884706
18	16884707	16885110
17	16885111	16885333
16	16885334	16885347
15	16885348	16887325
16	16887326	16890261
15	16890262	16891007
16	16891008	16891706
17	16891707	16896886
16	16896887	16902300
15	16902301	16908817
15	16908818	16914866
14	16914867	16918232
13	16918233	16923822
12	16923823	16925144
11	16925145	16926527
10	16926528	16928608
11	16928609	16955829
10	16955830	16957628
9	16957629	16998244
8	16998245	17049945
9	17049946	17054364
10	17054365	17067068
9	17067069	17067741
10	17067742	17078098
9	17078099	17081918
10	17081919	17087299
11	17087300	17093440
12	17093441	17097844
13	17097845	17102197
12	17102198	17118178
13	17118179	17124753
12	17124754	17126414
13	17126415	17127063
12	17127064	17130583
11	17130584	17134833
10	17134834	17137952
8	17137953	17152561
7	17152562	17153120
6	17153121	17153535
5	17153536	17172313
4	17172314	17180744
3	17180745	17237612
2	17237613	17279979
3	17279980	17322087
2	17322088	17325508
3	17325509	17356567
2	17356568	17357085
1	17357086	17415708
1	17467179	17482319
2	17482320	17486395
1	17486396	17488382
2	17488383	17493998
1	17548102	17548479
2	17548480	17549700
1	17549701	17550348
1	17760550	17775884
1	18154502	18361687
1	20270133	20279672
2	20279673	20280767
3	20280768	20281960
2	20281961	20283271
1	20283272	20315057
1	20473599	20477545
1	21300656	21303959
1	21566164	21608770
2	21608771	21610806
3	21610807	21626889
4	21626890	21654567
5	21654568	21666230
4	21666231	21671934
3	21671935	21679150
2	21679151	21722519
3	21722520	21755406
4	21755407	21761926
5	21761927	21762221
4	21762222	21762972
3	21762973	21815000
2	21815001	21923068
1	21923069	22004530
2	22004531	22004544
3	22004545	22007819
4	22007820	22009929
4	22009930	22009930
2	22009931	22014652
3	22014653	22019663
5	22019664	22039202
4	22039203	22073584
3	22073585	22095107
5	22095108	22180201
6	22180202	22182701
7	22182702	22193097
8	22193098	22195708
7	22195709	22200864
6	22200865	22205017
5	22205018	22209829
4	22209830	22213246
3	22213247	22213607
2	22213608	22219082
1	22219083	22285443
1	22372117	22374432
2	22374433	22379437
1	22472667	22481249
1	22776986	22777073
2	22777074	22777074
2	22777075	22777081
1	22777082	22778171
1	22798842	22954609
2	22954610	23016809
1	23016810	23135996
1	23183977	23211559
1	23317319	23321759
1	23466481	23467646
2	23467647	23473812
3	23473813	23473874
4	23473875	23474297
5	23474298	23475265
6	23475266	23475319
7	23475320	23477589
6	23477590	23477996
5	23477997	23480055
4	23480056	23480299
3	23480300	23481656
2	23481657	23483525
1	23483526	23485359
1	23682227	23683901
1	23763647	23767837
1	23876065	23879492
1	24083423	24387441
1	24387442	24392933
2	24392934	24396260
1	24396261	24398895
1	24667583	24687728
1	24768045	24774829
1	24831331	24839596
1	25031013	25031256
2	25031257	25031273
3	25031274	25031289
5	25031290	25031290
6	25031291	25031292
7	25031293	25034094
7	25034095	25034095
5	25034096	25034111
2	25034112	25034165
1	25034166	25034310
1	25318097	25336437
1	25392210	25398467
2	25415444	25445604
4	25445605	25456641
5	25456642	25457931
6	25457932	25458506
7	25458507	25462080
8	25462081	25463364
9	25463365	25464373
10	25464374	25465072
11	25465073	25465714
12	25465715	25482035
13	25482036	25488722
14	25488723	25508083
13	25508084	25510391
14	25510392	25518793
15	25518794	25521044
14	25521045	25534591
13	25534592	25536110
12	25536111	25536137
11	25536138	25536784
10	25536785	25537087
9	25537088	25537444
8	25537445	25538188
9	25538189	25544724
7	25544725	25555298
6	25555299	25559490
5	25559491	25561643
6	25561644	25562766
4	25562767	25566190
3	25566191	25570392
2	25570393	25590810
1	25590811	25611480
1	25961529	25965423
1	26327011	26328473
2	26328474	26341411
1	26341412	26355919
1	26801797	26840152
2	26840153	26843118
3	26843119	26846116
2	26846117	26881990
1	26881991	26884490
1	26999996	27023595
1	27029262	27193579
1	27534822	27604237
1	27644596	27817945
1	28437053	28444818
1	28536220	28545308
2	28545309	28550540
3	28550541	28550977
4	28550978	28555081
3	28555082	28558786
2	28558787	28565841
1	28565842	28568096
1	28580390	28611218
1	28810774	28820197
1	28950199	28952456
1	28980482	29012342
1	29205353	29235369
1	29708903	29740479
1	30117823	30118893
1	30258715	30260926
1	30478922	30514242
1	30806384	30806692
1	30812981	30814474
1	30895173	30897438
1	31449037	31450755
1	31454967	31493042
2	31493043	31494147
1	31494148	31494726
2	31494727	31504560
3	31504561	31507426
4	31507427	31508720
3	31508721	31513728
2	31513729	31734798
3	31734799	31738562
4	31738563	31742863
5	31742864	31742963
6	31742964	31743061
7	31743062	31744130
8	31744131	31746447
6	31746448	31747067
5	31747068	31749021
4	31749022	31749728
3	31749729	31757296
4	31757297	31760158
3	31760159	31765935
2	31765936	31773325
3	31773326	31802979
2	31802980	31811116
3	31811117	31850648
4	31850649	31858543
3	31858544	31861069
2	31861070	31906323
3	31906324	31919350
2	31919351	32129436
1	32129437	32135536
2	32135537	32184712
1	32184713	32221829
2	32221830	32224442
1	32224443	32238917
1	32891848	32896737
1	32949046	32960945
2	32960946	32968931
1	32968932	32974404
1	33093188	33128509
2	33128510	33136681
1	33136682	33152694
1	33224970	33248868
1	33248869	33249020
2	33249021	33251398
1	33251399	33251542
1	33251560	33251589
2	33251590	33252708
1	33252709	33252783
2	33252784	33259555
1	33259556	33259566
1	33557214	33569140
2	33569141	33592720
1	33643387	33649646
1	34100866	34183578
1	34193283	34314310
2	34314311	34379569
1	34379570	34697182
1	34849389	34851785
2	34862127	34867573
3	34867574	34870637
4	34870638	34875240
5	34875241	34876908
7	34876909	34877077
6	34877078	34877088
7	34877089	34879855
8	34879856	34880862
5	34880863	34883403
4	34883404	34884074
3	34884075	34887177
1	34887178	34887954
1	35395258	35482363
1	35482364	35514249
1	35656892	35666140
1	36376607	36389323
1	36392726	36442937
2	36442938	36447153
1	36447154	36659674
1	37196592	37196733
2	37196734	37198617
1	37198618	37198626
1	37714745	37729962
2	37729963	37747865
1	37747866	37826967
1	37961428	37963211
2	37963212	37965123
1	38414624	38417451
1	38622926	38624936
1	38856803	38859936
1	38901188	38901190
2	38901191	38901324
3	38901325	38907228
4	38907229	38908791
3	38908792	38909658
2	38909659	38909785
1	38909786	38910241
1	39150888	39157685
1	39184116	39343797
1	39343798	39351118
1	39561057	39562374
1	39957320	39997729
2	39997730	40079484
1	40079485	40161161
2	40161162	40168128
1	40168129	40276365
2	40276366	40288982
3	40288983	40307653
2	40307654	40311291
3	40311292	40324734
4	40324735	40324943
5	40324944	40326226
4	40326227	40326379
3	40326380	40331834
2	40331835	40433018
1	40433019	40504666
1	40738766	40740138
2	40740139	40742250
1	40742251	40743008
1	40794272	40794562
2	40794563	40799335
1	40799336	40801209
1	41116195	41119793
2	41119794	41119814
5	41119815	41129366
6	41129367	41147028
6	41147029	41147029
2	41147030	41149086
1	41149087	41156424
1	41171348	41172555
1	41236609	41250123
1	43142818	43143141
1	43466652	43468132
1	43689996	43706275
1	43777867	43778514
2	43778515	43831638
3	43831639	43832472
2	43832473	43844652
1	43864440	43866795
1	43868287	43878234
1	44259986	44425690
1	44544896	44720376
1	45568702	45680849
1	45941452	45941818
1	46015346	46024502
1	46092101	46125486
2	46125487	46125568
3	46125569	46130596
2	46130597	46133736
1	46133737	46266046
3	46266047	46273579
2	46273580	46275422
1	46275423	46279010
1	46586130	46592913
1	47486248	47501674
1	47548818	47549940
1	47835937	47837605
1	47947454	47950513
1	48494706	48496263
1	49313712	49320228
1	49701076	49721592
1	50257596	50260872
1	50272848	50321810
1	51798132	51802311
1	52078423	52141199
2	52141200	52187325
1	52187326	52314286
1	52898603	52961729
2	52961730	53061768
1	53061769	53163532
1	53261038	53261151
2	53261152	53262327
1	53262328	53296491
2	53296492	53304704
1	53304705	53308065
2	53308066	53315380
1	53315381	53340308
1	53401403	53403118
1	53418151	53497026
1	53591521	53592860
1	53691140	53773477
2	53773478	53774666
1	53774667	53801823
1	54140841	54142317
1	54350989	54363909
1	54385957	54387726
1	54427443	54436305
1	54832635	54842573
1	54861486	54864796
2	54864797	54864860
3	54864861	54864861
4	54864862	54868554
4	54868555	54868555
2	54868556	54876171
1	54876172	54879212
1	55042239	55074265
2	55074266	55074410
3	55074411	55076208
2	55076209	55078003
1	55078004	55081196
1	55296572	55298883
1	55478495	55496404
1	55496405	55497787
1	55620561	55625574
3	55625575	55627402
2	55627403	55633148
1	55633149	55743715
1	56500834	56504267
1	56603427	56603681
2	56603682	56607643
1	56607644	56607839
1	57288465	57320488
2	57320489	57321641
1	57321642	57327167
3	57327168	57329604
2	57329605	57330298
1	57330299	57408241
1	57722008	57723438
1	58494898	58505637
1	58516230	58516461
2	58516462	58516482
3	58516483	58517524
2	58517525	58517587
1	58517588	58517637
1	58568421	58575195
1	58913802	58915188
1	58927985	58929842
1	59099890	59263762
1	59799705	59816509
2	59816510	59819355
3	59819356	59822220
2	59822221	59830866
1	59830867	59844579
1	59878705	59879762
1	59901614	59924563
1	60081647	60085453
1	61732093	61735956
1	61853831	61855211
2	61855212	61856324
1	61856325	61856547
1	61884829	61886001
2	61886002	61886377
3	61886378	61886593
4	61886594	61890774
3	61890775	61891817
2	61891818	61892113
1	61892114	61892932
1	62052182	62168310
2	62168311	62209140
3	62209141	62210459
6	62210460	62211974
7	62211975	62212137
6	62212138	62214375
6	62214376	62215833
3	62215834	62223644
2	62223645	62227022
1	62227023	62290534
1	62425508	62430563
1	62539115	62542474
1	63254630	63258934
1	63477718	63477953
2	63477954	63480743
1	63480744	63480983
1	64449736	64548983
1	64615315	64624132
1	64960097	64965172
1	65769214	65796347
2	65796348	65803175
1	65803176	65807085
1	65813532	65816493
1	65943589	65944593
1	65946538	65946973
2	65946974	65950271
1	65950272	65951790
1	66030426	66041653
1	66601844	66603937
1	66851605	66853396
1	67041230	67054776
2	67054777	67066650
1	67066651	67066730
1	67485262	67565849
2	67565850	67568161
1	67568162	67607549
1	67780356	67781650
1	68349987	68354586
1	69768614	69775242
1	70248382	70339568
1	70894407	70897145
1	71077666	71079336
1	71376291	71406306
1	71621625	71710281
1	72249809	72255232
1	72389150	72394050
2	72394051	72429645
1	72429646	72507578
3	72507579	72514983
4	72514984	72515915
5	72515916	72519166
6	72519167	72523214
5	72523215	72526997
6	72526998	72527758
7	72527759	72528279
8	72528280	72528695
9	72528696	72528700
10	72528701	72535215
11	72535216	72535957
10	72535958	72536258
10	72536259	72536259
8	72536260	72536353
9	72536354	72536661
8	72536662	72536982
9	72536983	72537534
8	72537535	72538467
9	72538468	72538665
10	72538666	72538692
11	72538693	72538802
12	72538803	72538849
13	72538850	72539081
14	72539082	72539170
16	72539171	72540339
19	72540340	72541503
20	72541504	72542016
21	72542017	72549854
20	72549855	72550160
19	72550161	72561277
18	72561278	72578705
17	72578706	72579541
16	72579542	72583735
15	72583736	72584227
15	72584228	72584228
12	72584229	72584602
11	72584603	72584608
10	72584609	72584695
9	72584696	72585666
8	72585667	72586953
7	72586954	72587611
6	72587612	72588821
5	72588822	72592132
4	72592133	72595781
2	72595782	72595973
1	72595974	72698843
1	72784767	72784815
2	72784816	72793830
3	72793831	72856808
2	72856809	72860745
1	72860746	72860766
1	72869688	72887792
1	72954200	73079757
1	73364824	73367620
2	73367621	73373401
1	73385687	73452928
2	73452929	73454530
3	73454531	73483915
2	73483916	73484610
1	73484611	73548271
1	75613443	75615912
2	75615913	75621317
1	75621318	75621563
1	75759492	75774807
2	75774808	75805743
1	75805744	75852968
2	75852969	75855021
1	75855022	75855995
2	75855996	75859508
3	75859509	75866821
4	75866822	75891202
3	75891203	75894325
2	75894326	75929573
1	75929574	75960335
2	76720632	76792184
1	76792185	76792573
1	76942605	76962937
1	77011006	77017114
2	77017115	77065339
1	77065340	77070545
2	77070546	77075472
1	77075473	77077990
1	77104310	77107020
2	77547001	77547459
3	77547460	77547601
4	77547602	77551195
2	77551196	77552419
1	77552420	77561049
1	77605023	77606389
1	78421079	78421854
2	78421855	78432176
1	78432177	78433559
1	78781032	78973178
1	79286032	79358239
1	79405655	79409913
2	79607654	79649622
1	79841670	79866148
2	79866149	79873900
1	79873901	79994369
2	79994370	79994370
3	79994371	79995617
1	79995618	80093605
2	80093606	80345332
1	80345333	80567217
2	80567218	80567965
1	80567966	81038590
2	81038591	81048765
3	81048766	81052897
1	81052898	81154387
2	81154388	81175574
3	81175575	81177314
4	81177315	81177359
5	81177360	81183597
4	81183598	81183617
3	81183618	81183856
2	81183857	81195934
1	81195935	81293959
2	81293960	81306627
1	81306628	81432726
2	81432727	81434146
1	81434147	81616473
1	81660005	81669333
1	81805674	81853673
2	81853674	81892459
1	81892460	81979887
1	82494275	82665082
1	82665083	82672073
1	82851559	82898293
2	82898294	82898510
3	82898511	82898545
5	82898546	82898563
6	82898564	82900156
4	82900157	82900174
3	82900175	82900298
2	82900299	82900446
1	82900447	82950166
1	83027351	83030912
1	83074867	83076971
1	83101150	83172924
2	83172925	83274362
3	83274363	83336613
2	83336614	83375944
3	83375945	83390055
4	83390056	83393629
3	83393630	83403828
2	83403829	83495638
3	83495639	83512990
3	83512991	83545169
2	83545170	83618301
3	83618302	83629956
2	83629957	83716815
1	83716816	83780898
1	84007222	84008353
1	84289565	84289701
2	84289702	84289976
3	84289977	84290253
4	84290254	84290483
5	84290484	84290526
6	84290527	84290532
7	84290533	84297219
5	84297220	84297230
4	84297231	84297277
3	84297278	84297494
2	84297495	84297824
1	84297825	84300265
1	84483817	84484349
2	84484350	84484557
3	84484558	84484594
4	84484595	84484741
5	84484742	84488455
4	84488456	84488507
3	84488508	84488531
2	84488532	84488580
1	84488581	84488680
1	84668621	84670568
1	85012152	85013885
1	85314628	85618836
1	85683879	85687989
1	86173303	86173387
2	86173388	86173635
3	86173636	86175056
5	86175057	86176915
4	86176916	86177083
2	86177084	86177298
1	86177299	86177710
1	86476779	86479952
1	86513349	86514534
2	87409982	87412645
1	87493441	87507690
1	87847397	87854192
1	88055598	88075191
1	88089816	88098294
1	88745413	89029965
1	89029966	89133107
1	89184656	89248671
2	89248672	89249036
3	89249037	89251024
2	89251025	89251661
1	89251662	89285438
2	89285439	89292762
1	89292763	89333310
1	90592580	90755886
1	91208825	91215099
1	91563464	91573794
1	92004649	92005920
1	92129369	92351831
2	92351832	92352262
1	92352263	92357102
1	92441870	92578216
1	93008619	93014049
1	94020344	94060780
2	94060781	94060903
3	94060904	94060953
4	94060954	94060962
5	94060963	94063616
4	94063617	94063846
3	94063847	94063939
2	94063940	94064084
1	94064085	94065495
1	94176826	94277132
1	94892378	94901133
2	94901134	94901378
3	94901379	94903353
4	94903354	94904516
8	94904517	94906766
9	94906767	94910671
11	94910672	94915315
10	94915316	94923453
11	94923454	94924400
10	94924401	94925849
4	94925850	94926866
3	94926867	94927827
2	94927828	94927986
1	94927987	94931190
1	95268437	95294767
2	95294768	95298754
1	95298755	95469799
2	95469800	95475713
1	95475714	95526142
2	95526143	95527417
1	95527418	95527428
1	95563395	95593000
1	96069014	96078020
1	96188339	96259129
2	96259130	96260922
1	96260923	96297172
2	96297173	96303500
1	96303501	96318701
1	97283457	97284449
1	97680297	97814307
2	97814308	97823243
1	97823244	97873731
1	98282476	98283999
1	98326518	98333213
1	99768413	99937226
1	100132243	100214456
2	100214457	100216124
1	100216125	100270929
1	101756396	101757519
1	101781132	101784061
2	101784062	101786302
1	101786303	101787165
1	102096209	102098747
2	102138728	102144926
3	102144927	102189680
2	102189681	102203221
1	102203222	102207717
1	102223324	102341510
2	102341511	102401196
2	102401197	102420525
3	102420526	102428271
4	102428272	102439975
5	102439976	102569406
4	102569407	102600917
3	102600918	102622566
2	102622567	102635434
1	102635435	102767805
1	103211383	103321084
1	103418204	103427872
1	103519977	103523369
1	103762947	103797424
2	103797425	103904579
3	103904580	103905303
4	103905304	103906492
5	103906493	103907157
8	103907158	103910760
9	103910761	103917321
10	103917322	103920268
9	103920269	103930295
7	103930296	103941066
8	103941067	103956055
9	103956056	103960906
8	103960907	103965255
7	103965256	103979518
9	103979519	103995200
10	103995201	104014103
9	104014104	104094804
8	104094805	104094854
6	104094855	104102679
4	104102680	104112352
5	104112353	104112353
6	104112354	104113234
7	104113235	104113270
6	104113271	104117592
5	104117593	104118076
4	104118077	104131399
3	104131400	104136059
4	104136060	104142501
3	104142502	104144420
2	104144421	104185497
1	104185498	104219708
2	104219709	104221298
1	104221299	104253524
1	104274099	104276562
2	104276563	104279744
3	104279745	104287435
2	104287436	104294810
1	104294811	104294898
1	104426511	104431823
1	104670836	104673008
1	105055522	105056320
2	105056321	105057755
1	105057756	105057887
1	105627084	105634379
2	105634380	105635581
3	105635582	105641634
2	105641635	105647161
1	105647162	105751838
1	105755519	105776577
2	105776578	105783413
1	105783414	105789055
2	105789056	105795753
1	105795754	105806169
2	105806170	105816476
3	105816477	105816666
4	105816667	105817146
5	105817147	105817307
6	105817308	105817323
7	105817324	105817336
8	105817337	105818004
9	105818005	105820366
10	105820367	105820727
11	105820728	105823438
10	105823439	105823897
9	105823898	105824033
8	105824034	105824919
7	105824920	105824951
6	105824952	105824964
5	105824965	105825001
4	105825002	105825153
3	105825154	105825715
2	105825716	105827430
4	105827431	105830600
5	105830601	105839002
6	105839003	105851605
5	105851606	105861576
6	105861577	105864415
5	105864416	105882129
4	105882130	105888502
3	105888503	105915478
4	105915479	105924363
2	105924364	105924887
3	105924888	105936884
4	105936885	105938439
3	105938440	105946184
4	105946185	105952401
5	105952402	105953552
4	105953553	105959459
3	105959460	105964900
4	105964901	105966386
5	105966387	105969818
6	105969819	106000089
3	106000090	106016547
2	106016548	106021417
3	106021418	106025588
2	106025589	106036916
1	106036917	106110788
2	106110789	106116610
1	106116611	106209344
1	106378678	106562084
2	106562085	106580565
3	106580566	106616365
4	106616366	106619048
3	106619049	106621320
2	106621321	106647675
1	106647676	106683104
1	107023241	107025004
1	107175823	107206653
1	107285151	107455507
2	107455508	107458927
3	107458928	107464932
2	107464933	107511242
1	107511243	107642405
1	107691171	107700128
1	108013196	108216399
1	108420397	108514071
2	108514072	108516142
3	108516143	108525758
2	108525759	108528928
3	108528929	108533285
4	108533286	108534655
5	108534656	108534809
6	108534810	108534845
8	108534846	108534847
9	108534848	108534946
11	108534947	108534960
12	108534961	108535757
13	108535758	108538704
13	108538705	108538705
9	108538706	108538773
8	108538774	108538775
7	108538776	108538813
6	108538814	108538891
5	108538892	108538970
4	108538971	108539018
3	108539019	108541027
2	108541028	108541776
1	108541777	108590771
2	108590772	108591938
1	108591939	108593906
2	108593907	108604492
3	108604493	108619359
4	108619360	108654503
3	108654504	108710762
4	108710763	108727419
5	108727420	108728241
4	108728242	108729982
5	108729983	108752273
4	108752274	108778173
3	108778174	108779752
4	108779753	108787719
3	108787720	108791888
2	108791889	108812676
1	108812677	108826535
2	108826536	108827813
1	108827814	108898200
1	109142222	109168395
2	109168396	109169466
5	109169467	109169549
6	109169550	109173396
4	109173397	109173448
3	109173449	109173633
2	109173634	109178805
1	109178806	109184765
2	109217748	109267585
1	109267586	109268855
2	109268856	109270230
1	109270231	109298376
2	109298377	109299667
1	109299668	109370159
2	109370160	109374705
3	109374706	109376813
2	109376814	109380181
1	109380182	109463758
1	109490837	109556480
1	109583560	109606168
2	109606169	109620052
1	109620053	109627658
1	109954441	109970611
2	109970612	109979750
3	109979751	109982782
4	109982783	109988333
5	109988334	109988385
6	109988386	109988740
7	109988741	109988771
8	109988772	109989688
7	109989689	109990026
6	109990027	109992971
5	109992972	109993085
4	109993086	109994123
3	109994124	109999445
2	109999446	109999960
1	109999961	110006485
1	110019656	110020756
2	110020757	110023297
3	110023298	110025519
5	110025520	110025906
6	110025907	110030104
7	110030105	110030648
8	110030649	110030978
7	110030979	110033048
8	110033049	110035789
9	110035790	110037054
8	110037055	110041456
7	110041457	110042910
6	110042911	110044475
5	110044476	110054403
3	110054404	110057324
2	110057325	110058540
1	110058541	110059005
1	110703607	110704377
1	110756363	110759663
1	110831091	110838239
2	111142680	111170390
3	111170391	111173114
4	111173115	111173166
6	111173167	111175885
7	111175886	111176349
9	111176350	111178295
10	111178296	111179087
11	111179088	111180120
12	111180121	111180500
18	111180501	111180772
19	111180773	111182242
18	111182243	111184585
16	111184586	111187871
15	111187872	111189245
7	111189246	111189599
6	111189600	111189734
5	111189735	111189748
4	111189749	111190289
3	111190290	111193632
2	111193633	111194581
1	111194582	111196091
1	111551934	111587586
1	111588918	111596255
1	111625374	111629848
2	111629849	111631017
3	111631018	111633813
2	111633814	111636506
1	111636507	111637016
1	111730660	111732438
4	111732439	111734673
3	111734674	111734749
2	111734750	111735826
1	111777127	111784754
1	112396182	112487441
2	112487442	112490978
3	112490979	112491624
5	112491625	112493273
6	112493274	112493656
7	112493657	112495869
8	112495870	112496616
9	112496617	112497199
10	112497200	112497781
11	112497782	112498912
10	112498913	112505804
9	112505805	112505903
8	112505904	112506338
7	112506339	112506347
6	112506348	112506351
5	112506352	112512046
4	112512047	112512822
2	112512823	112516320
1	112516321	112594061
1	112636628	112639205
1	112793533	112796479
1	112958658	113048152
2	113048153	113065233
3	113065234	113236340
2	113236341	113251566
3	113251567	113304967
2	113304968	113343811
3	113343812	113409779
3	113409780	113411785
4	113411786	113412758
5	113412759	113412862
6	113412863	113415299
5	113415300	113415316
4	113415317	113416966
3	113416967	113417816
2	113417817	113689016
3	113689017	113690048
2	113690049	113839224
3	113839225	113841107
4	113841108	113847607
3	113847608	113847609
2	113847610	113884454
3	113884455	113897619
2	113897620	114068340
3	114068341	114072795
2	114072796	114245634
3	114245635	114247760
2	114247761	114609081
4	114609082	114610153
2	114610154	115525217
3	115525218	115529470
4	115529471	115681449
5	115681450	115686020
4	115686021	115870561
3	115870562	115969480
2	115969481	116030771
3	116030772	116034601
2	116034602	116344126
3	116344127	116364485
2	116364486	116500790
1	116500791	116542894
1	116778663	116781170
2	116781171	116791663
1	116927828	116961520
3	116961521	116966437
4	116966438	116970418
5	116970419	117004367
4	117004368	117005073
4	117005074	117005074
2	117005075	117076197
1	117076198	117128033
1	117682003	117683405
1	117811591	117815811
1	117968996	117970227
1	118228296	118547580
1	118721481	118726985
1	118733253	119030779
1	119030780	119183749
1	119383460	119390865
1	119553635	119814297
2	119814298	119815333
1	119815334	119818218
2	119818219	119873986
3	119873987	119874483
2	119874484	119892956
3	119892957	119900183
4	119900184	119911626
5	119911627	119916399
6	119916400	119916906
7	119916907	119917454
8	119917455	119924701
9	119924702	119924944
11	119924945	119928512
10	119928513	119929019
8	119929020	119937055
7	119937056	119941184
6	119941185	119947405
5	119947406	119951037
4	119951038	119955251
3	119955252	119956125
2	119956126	119963964
1	119963965	120016099
2	120067972	120068835
3	120068836	120115613
2	120115614	120189800
3	120189801	120192436
4	120192437	120207515
3	120207516	120249991
2	120249992	120332742
3	120332743	120335636
2	120335637	120349938
3	120349939	120352966
2	120352967	120432022
1	120432023	120436582
2	120436583	120493486
1	120493487	120568787
2	120568788	120614626
3	120614627	120615784
2	120615785	120616493
3	120616494	120619166
2	120619167	120619211
3	120619212	120621579
2	120621580	120671323
1	120671324	120689194
2	120689195	120697969
1	120697970	120712249
2	120712250	120727974
3	120727975	120734055
2	120734056	120789514
3	120789515	120807512
2	120807513	120866129
3	120866130	120874362
5	120874363	120875166
4	120875167	120902012
5	120902013	120992602
3	120992603	121013321
1	121013322	121047872
1	121055666	121056660
2	121056661	121057268
3	121057269	121057654
2	121057655	121058980
1	121058981	121059539
2	121059540	121061610
1	121061611	121087886
1	121143962	121176553
2	121176554	121180115
3	121180116	121184912
2	121184913	121184932
3	121184933	121184933
2	121184934	121185221
1	121185222	121185356
1	121185923	121186432
2	121186433	121186439
3	121186440	121186644
2	121186645	121186650
1	121186651	121186956
1	140903396	141476999
2	141477000	141477028
3	141477029	141479030
2	141479031	141479776
3	141479777	141481605
4	141481606	141481780
5	141481781	141482466
4	141482467	141482608
3	141482609	141482848
2	141482849	141482867
3	141482868	141483200
4	141483201	141483807
3	141483808	141528149
4	141528150	141663627
5	141663628	141726100
6	141726101	141732167
7	141732168	141749557
6	141749558	141759854
5	141759855	141765768
4	141765769	141822863
5	141822864	141830584
6	141830585	141861399
5	141861400	141883054
6	141883055	141884072
5	141884073	141905036
4	141905037	141906718
3	141906719	141962726
2	141962727	141963730
1	141963731	142096906
1	142097726	142099954
1	142121960	142122058
2	142122059	142122065
3	142122066	142122087
4	142122088	142123238
3	142123239	142123251
2	142123252	142123318
1	142123319	142206284
2	142206285	142293438
1	142293439	142356881
1	142642781	142643379
2	142643380	142645744
1	142645745	142645789
2	142645790	142646349
3	142646350	142648613
2	142648614	142653783
3	142653784	142654815
2	142654816	142690295
3	142690296	142702980
4	142702981	142706561
3	142706562	142720008
4	142720009	142720163
3	142720164	142736049
4	142736050	142785223
3	142785224	142804542
2	142804543	143001288
3	143001289	143002710
2	143002711	143026079
3	143026080	143034395
4	143034396	143111803
3	143111804	143164103
2	143164104	143172710
3	143172711	143176216
2	143176217	143180902
3	143180903	143182945
2	143182946	143214423
3	143214424	143233901
2	143233902	143327177
3	143327178	143527302
2	143527303	143534834
3	143534835	143539332
2	143539333	143586335
4	143586336	143597264
5	143597265	143597873
6	143597874	143600166
5	143600167	143605383
6	143605384	143606730
5	143606731	143606794
6	143606795	143607405
7	143607406	143607551
8	143607552	143607628
9	143607629	143607653
10	143607654	143612402
9	143612403	143612408
8	143612409	143612417
9	143612418	143612529
8	143612530	143612536
9	143612537	143612538
10	143612539	143618165
9	143618166	143618197
8	143618198	143618397
7	143618398	143618586
6	143618587	143619363
5	143619364	143624904
3	143624905	143631374
4	143631375	143661416
5	143661417	143665703
6	143665704	143665711
7	143665712	143666777
6	143666778	143673833
8	143673834	143782865
9	143782866	143790284
10	143790285	143791087
9	143791088	143791171
8	143791172	143791317
6	143791318	143791478
7	143791479	143791859
6	143791860	143802496
7	143802497	143804074
8	143804075	143804232
9	143804233	143804305
10	143804306	143804307
11	143804308	143807162
10	143807163	143808375
9	143808376	143808438
8	143808439	143808445
7	143808446	143808688
6	143808689	143808991
5	143808992	143815876
4	143815877	143828852
5	143828853	143834991
6	143834992	143852299
7	143852300	143864902
8	143864903	143883974
7	143883975	143900677
8	143900678	143900895
9	143900896	143900898
8	143900899	143903674
7	143903675	143921701
8	143921702	143923566
7	143923567	143929760
6	143929761	143971148
7	143971149	143981310
8	143981311	143984335
7	143984336	143993757
8	143993758	143999772
7	143999773	144002312
8	144002313	144005451
9	144005452	144005844
10	144005845	144005887
11	144005888	144011560
10	144011561	144020181
9	144020182	144023134
10	144023135	144036452
12	144036453	144041630
13	144041631	144052077
14	144052078	144053414
13	144053415	144061076
15	144061077	144068231
14	144068232	144068322
12	144068323	144071445
13	144071446	144072601
12	144072602	144073243
13	144073244	144073251
14	144073252	144073255
15	144073256	144074794
16	144074795	144076114
17	144076115	144077670
16	144077671	144077828
15	144077829	144077968
11	144077969	144080860
10	144080861	144083767
9	144083768	144087433
8	144087434	144091154
6	144091155	144097031
5	144097032	144104826
4	144104827	144106311
5	144106312	144145846
6	144145847	144147261
5	144147262	144162828
4	144162829	144183078
5	144183079	144183241
6	144183242	144185321
5	144185322	144186097
4	144186098	144194709
3	144194710	144244531
4	144244532	144255273
3	144255274	144272573
4	144272574	144273820
3	144273821	144308472
5	144308473	144320664
4	144320665	144321566
5	144321567	144337335
8	144337336	144337622
9	144337623	144339526
10	144339527	144458819
4	144458820	144479873
3	144479874	144516064
2	144516065	144543330
3	144543331	144594475
4	144594476	144653805
5	144653806	144655103
4	144655104	144692907
5	144692908	144701905
4	144701906	144724626
2	144724627	144746062
4	144746063	144750306
2	144750307	144761129
3	144761130	144767355
2	144767356	144787863
3	144787864	144791607
2	144791608	144799119
3	144799120	144800124
2	144800125	144872493
3	144872494	144936476
2	144936477	145128641
3	145128642	145136067
2	145136068	145161545
3	145161546	145164165
2	145164166	145301973
1	145301974	145312376
2	145312377	145315275
1	145315276	145351617
2	145351618	145360177
3	145360178	145393984
2	145393985	145550489
1	145550490	145708346
2	145708347	145858227
1	145858228	145950784
2	145950785	145952081
1	145952082	146097095
2	146097096	146106369
1	146106370	146151734
2	146151735	146202410
3	146202411	146216834
4	146216835	146219054
5	146219055	146219745
6	146219746	146221064
5	146221065	146221410
6	146221411	146240567
7	146240568	146242374
6	146242375	146256204
5	146256205	146259197
4	146259198	146268900
5	146268901	146273898
6	146273899	146275556
5	146275557	146276989
6	146276990	146280889
5	146280890	146288628
6	146288629	146292285
7	146292286	146293281
10	146293282	146323727
11	146323728	146326536
10	146326537	146380602
11	146380603	146442921
12	146442922	146462599
11	146462600	146470212
12	146470213	146473821
11	146473822	146476037
13	146476038	146477424
11	146477425	146483060
10	146483061	146578325
11	146578326	146719168
10	146719169	146780428
11	146780429	146825986
12	146825987	146855967
14	146855968	146860453
12	146860454	146862820
13	146862821	146905436
12	146905437	147017156
13	147017157	147018011
15	147018012	147022497
13	147022498	147024864
14	147024865	147056084
13	147056085	147067756
12	147067757	147115261
13	147115262	147116761
12	147116762	147119726
13	147119727	147162329
14	147162330	147169635
13	147169636	147194353
14	147194354	147200046
13	147200047	147217832
12	147217833	147298289
11	147298290	147302888
12	147302889	147303147
13	147303148	147305743
30	147305744	147306689
33	147306690	147308445
34	147308446	147311728
32	147311729	147314917
33	147314918	147327305
32	147327306	147331144
30	147331145	147333922
33	147333923	147356585
32	147356586	147375744
33	147375745	147377166
33	147377167	147382787
32	147382788	147387669
31	147387670	147390775
32	147390776	147392562
31	147392563	147404136
32	147404137	147411557
31	147411558	147414361
30	147414362	147421971
29	147421972	147425687
28	147425688	147427060
24	147427061	147467749
25	147467750	147478119
18	147478120	147484616
18	147484617	147495709
19	147495710	147505128
18	147505129	147507661
18	147507662	147509944
16	147509945	147521566
15	147521567	147522031
14	147522032	147526039
13	147526040	147588153
12	147588154	147593086
13	147593087	147595559
14	147595560	147599387
13	147599388	147700279
12	147700280	147858377
11	147858378	147907266
12	147907267	147913427
13	147913428	147920575
14	147920576	147927312
13	147927313	147941415
12	147941416	147955477
13	147955478	147972371
14	147972372	147979383
13	147979384	147980065
14	147980066	147980522
11	147980523	147981073
12	147981074	147981077
13	147981078	147982308
12	147982309	147984909
11	147984910	147984914
10	147984915	147986332
9	147986333	148007266
8	148007267	148017944
9	148017945	148020060
8	148020061	148039973
6	148039974	148041559
7	148041560	148081543
8	148081544	148082159
7	148082160	148087464
6	148087465	148087613
5	148087614	148088262
6	148088263	148102903
5	148102904	148119730
4	148119731	148133135
3	148133136	148142747
2	148142748	148257136
1	148257137	148262602
1	148936576	148940307
1	148945534	148947611
1	149010116	149031899
2	149031900	149039293
1	149039294	149059239
1	149507166	149585356
2	149585357	149595417
3	149595418	149599790
6	149599791	149599961
7	149599962	149603322
8	149603323	149611326
7	149611327	149664501
6	149664502	149671471
4	149671472	149674328
3	149674329	149678258
1	149678259	149679803
1	150056233	150063392
1	150346613	150350662
1	150445059	150449798
3	150449799	150452329
4	150452330	150452905
6	150452906	150453771
5	150453772	150453774
3	150453775	150453877
2	150453878	150454543
3	150454544	150457363
2	150457364	150458230
1	150480555	150490329
1	150529970	150547362
2	150547363	150550237
1	150550238	150551252
1	150643334	150657075
1	150720293	150739462
2	150739463	150776971
3	150776972	150796455
5	150796456	150797133
7	150797134	150803383
8	150803384	150810641
9	150810642	150812265
10	150812266	150816579
12	150816580	150816892
13	150816893	150819988
8	150819989	150821591
9	150821592	150821799
10	150821800	150821804
11	150821805	150822166
12	150822167	150822329
13	150822330	150822588
15	150822589	150823072
16	150823073	150824683
17	150824684	150828031
16	150828032	150835101
17	150835102	150838889
16	150838890	150839695
17	150839696	150847143
16	150847144	150850301
15	150850302	150852630
14	150852631	150852904
13	150852905	150853217
12	150853218	150853341
11	150853342	150854365
10	150854366	150854501
9	150854502	150855543
8	150855544	150857765
7	150857766	150866358
6	150866359	150869599
5	150869600	150875095
3	150875096	150910841
4	150910842	150912971
3	150912972	150915468
4	150915469	150915514
5	150915515	150915735
6	150915736	150923165
5	150923166	150924162
4	150924163	150924933
3	150924934	150927550
2	150927551	150938536
3	150938537	150938628
4	150938629	150949331
5	150949332	151001419
4	151001420	151005849
3	151005850	151013058
5	151013059	151023429
4	151023430	151025775
5	151025776	151025965
6	151025966	151026495
7	151026496	151027010
8	151027011	151027732
9	151027733	151027994
10	151027995	151028546
11	151028547	151030778
12	151030779	151033104
11	151033105	151035323
10	151035324	151036430
9	151036431	151036462
7	151036463	151036979
6	151036980	151039070
5	151039071	151040221
3	151040222	151041037
2	151041038	151042149
1	151042150	151164776
1	151551932	151569689
2	151569690	151588144
1	151588145	151607802
1	151677134	151685618
1	151940298	151954283
2	151954284	151959871
1	151959872	151960687
1	151981612	151983166
1	152018763	152020348
2	152020349	152022706
3	152022707	152040052
1	152347532	152351310
1	152777660	152779606
1	152855287	152857234
1	153084977	153149167
1	153361602	153361602
2	153361603	153412760
3	153412761	153422550
2	153422551	153448722
3	153448723	153450568
2	153450569	153451032
3	153451033	153455783
4	153455784	153461603
5	153461604	153464085
4	153464086	153467683
3	153467684	153468578
4	153468579	153470617
3	153470618	153471709
2	153471710	153473678
3	153473679	153480481
2	153480482	153489906
3	153489907	153502428
5	153502429	153508302
3	153508303	153511517
5	153511518	153514945
3	153514946	153541654
2	153541655	153581430
1	153581431	153920458
2	153920459	153923317
3	153923318	153927850
4	153927851	153929980
3	153929981	153938195
2	153938196	153940132
1	153940133	154184584
1	154792346	154793093
2	154793094	154793296
3	154793297	154793346
5	154793347	154793351
6	154793352	154795557
5	154795558	154795577
3	154795578	154795635
2	154795636	154795796
1	154795797	154795834
1	154996956	155003667
1	155440245	155442220
1	155978387	155980395
1	156308318	156309569
1	156491449	156503685
1	156783620	156783976
3	156783977	156785562
4	156785563	156786828
5	156786829	156787040
4	156787041	156788015
1	156993464	156994770
1	157133925	157133962
2	157133963	157134134
3	157134135	157134149
4	157134150	157134153
5	157134154	157134154
6	157134155	157134157
7	157134158	157136604
4	157136605	157136607
3	157136608	157136614
2	157136615	157136707
1	157136708	157136751
1	157221997	157227760
2	157227761	157227825
3	157227826	157227937
4	157227938	157232826
3	157232827	157233463
2	157233464	157233913
1	157233914	157253191
1	157278956	157283419
1	157915081	157915203
2	157915204	157915302
3	157915303	157916304
2	157916305	157916335
1	157916336	157916523
1	158418318	158419817
1	158929056	158941967
1	159428462	159438143
1	159610879	159658058
2	159658059	159669653
3	159669654	159672938
4	159672939	159678134
5	159678135	159679235
6	159679236	159680036
7	159680037	159686682
8	159686683	159690723
7	159690724	159694089
6	159694090	159717868
5	159717869	159718339
4	159718340	159730121
5	159730122	159732816
4	159732817	159745303
5	159745304	159745304
6	159745305	159749901
7	159749902	159758181
8	159758182	159761663
9	159761664	159761844
10	159761845	159767934
11	159767935	159769569
10	159769570	159777716
13	159777717	159778033
14	159778034	159789852
15	159789853	159821662
14	159821663	159831228
15	159831229	159831256
16	159831257	159832915
15	159832916	159845485
14	159845486	159884139
12	159884140	159887551
13	159887552	159890628
12	159890629	159899277
11	159899278	159901748
10	159901749	159905009
9	159905010	159906182
8	159906183	159912626
7	159912627	159913342
6	159913343	159913393
5	159913394	159913447
4	159913448	159933355
3	159933356	159940305
2	159940306	159948175
1	159948176	160241239
2	160241240	160331091
3	160331092	160342771
4	160342772	160343144
5	160343145	160344770
4	160344771	160346950
3	160346951	160355954
4	160355955	160374742
5	160374743	160406965
6	160406966	160422609
8	160422610	160435891
9	160435892	160440018
7	160440019	160445770
6	160445771	160450416
5	160450417	160506330
6	160506331	160539289
5	160539290	160575902
6	160575903	160578606
5	160578607	160612441
4	160612442	160619568
5	160619569	160620835
4	160620836	160626631
3	160626632	160643939
2	160643940	160743791
3	160743792	160745457
2	160745458	160769979
1	160769980	161141818
2	161153719	161154042
3	161154043	161156129
1	161156130	161159899
1	161574673	161581054
1	162113502	162168879
2	162168880	162171776
1	162171777	162330458
1	162504226	162527360
2	162527361	162530433
1	162530434	162589048
1	162647580	162655214
1	163684150	163688497
2	163688498	163688615
3	163688616	163690698
2	163690699	163690793
1	163690794	163692159
1	163808794	163826001
1	163915533	163917070
1	164052127	164064589
2	164064590	164078352
1	164097752	164106355
1	164170586	164180397
1	164442179	164451104
2	164451105	164453090
3	164453091	164457261
2	164457262	164458300
1	164458301	164460993
1	164635080	164638012
1	164758503	164810165
2	164810166	164812965
3	164812966	164868401
2	164868402	164884224
1	164884225	164917608
1	165025361	165033673
1	165220490	165430384
2	165430385	165430709
3	165430710	165431429
4	165431430	165432537
5	165432538	165432983
4	165432984	165434172
5	165434173	165443533
4	165443534	165446965
3	165446966	165447414
2	165447415	165447751
1	165447752	165459989
1	166061707	166290928
2	166290929	166291182
3	166291183	166291197
4	166291198	166291200
5	166291201	166292355
4	166292356	166292359
3	166292360	166292370
2	166292371	166292592
1	166292593	166355738
2	166355739	166358037
1	166358038	166445799
2	166445800	166456847
1	166456848	166604692
2	166604693	166609972
1	166609973	166619685
1	166693627	166695473
1	167114988	167155208
1	167270838	167278444
1	167488547	167493796
2	167493797	167495767
7	167495768	167498165
8	167498166	167500597
9	167500598	167506707
3	167506708	167507910
2	167507911	167508389
1	167508390	167514349
1	167843192	167847881
1	167874342	167880012
1	168048630	168151809
1	168581705	168634269
2	168634270	168638026
3	168638027	168647103
2	168647104	168653828
1	168653829	168679915
1	170952312	170991362
1	171075068	171076390
1	171535047	171748779
1	172077265	172131568
2	172131569	172132665
1	172132666	172222565
2	172735904	172836398
1	173060767	173063178
3	173063179	173063388
4	173063389	173064489
11	173064490	173067494
10	173067495	173068210
9	173068211	173068261
2	173068262	173068462
1	173068463	173068466
1	173173530	173313034
1	173313035	173361028
1	173466974	173468518
1	173496254	173673925
1	173695580	173713205
2	173713206	174027374
1	174027375	174176623
1	174297609	174402367
2	174402368	174405157
1	174405158	174457197
1	174503382	174506422
1	174849961	174857913
2	174857914	174871186
1	174871187	174881365
1	176730214	176738116
1	176821807	176827108
1	176916511	176924204
2	176924205	176924898
1	176924899	176926032
2	176926033	176926555
5	176926556	176926932
6	176926933	176928251
7	176928252	176940696
1	176940697	176940810
1	177220369	177243351
1	177511282	177512931
1	177595331	177597150
2	177597151	177599937
1	177599938	177611527
1	177836523	177850223
1	177989461	177990944
1	178211524	178338609
1	178395125	178539030
2	178539031	178540560
1	178540561	178602162
1	179007836	179013422
2	179013423	179032333
1	179032334	179046935
1	179871788	179878663
1	181054074	181063377
1	181417109	181418316
1	182046713	182051687
2	182051688	182052161
1	182052162	182228469
1	182411618	182425418
1	183065293	183081112
2	183081113	183081351
3	183081352	183081354
4	183081355	183081365
5	183081366	183081366
6	183081367	183087404
5	183087405	183087406
4	183087407	183087421
2	183087422	183087450
1	183087451	183101198
1	183276164	183278577
1	183559820	183587974
2	183587975	183591243
1	183591244	183612393
1	184050339	184051920
1	185336978	185379908
2	185379909	185393299
1	185393300	185564992
2	185564993	185567313
1	185567314	185731222
2	185731223	185733097
3	185733098	185733351
2	185733352	185733576
1	185733577	185839645
4	185839646	185842008
3	185842009	185847925
1	185847926	185860264
2	185860265	185863516
1	185863517	185912514
2	185912515	185972751
3	185972752	185981955
4	185981956	185982726
5	185982727	185989154
4	185989155	185990376
3	185990377	185991077
2	185991078	186021647
1	186021648	186138954
2	186138955	186152481
1	186152482	186206615
2	186206616	186213762
1	186213763	186256216
1	186805826	186807090
1	186838019	186914209
1	187001959	187117396
2	187117397	187149659
1	187149660	187233978
1	187261219	187293846
2	187293847	187294777
4	187294778	187295820
2	187295821	187297985
1	187297986	187320828
2	187320829	187330953
3	187330954	187353622
4	187353623	187353839
6	187353840	187356190
4	187356191	187359114
3	187359115	187394746
2	187394747	187448047
3	187448048	187505287
2	187505288	187510790
3	187510791	187513155
4	187513156	187513214
3	187513215	187584243
5	187584244	187592363
6	187592364	187592656
7	187592657	187593757
8	187593758	187604619
7	187604620	187615084
8	187615085	187617322
10	187617323	187715198
11	187715199	187719765
10	187719766	187745062
9	187745063	187803965
8	187803966	187809351
7	187809352	187810198
4	187810199	187810477
3	187810478	187823579
2	187823580	187835169
1	187835170	187884673
2	187884674	187886001
1	187886002	187915950
1	187967807	187978793
3	187978794	187984281
4	187984282	188003455
5	188003456	188031475
6	188031476	188036883
5	188036884	188037440
7	188037441	188038627
8	188038628	188039769
7	188039770	188042397
6	188042398	188043863
4	188043864	188046087
5	188046088	188048191
3	188048192	188052546
2	188052547	188057594
3	188057595	188072140
2	188072141	188077260
1	188077261	188086109
1	188102143	188145216
1	188225729	188236965
2	188236966	188236988
3	188236989	188243173
4	188243174	188250189
3	188250190	188251965
2	188251966	188253048
1	188253049	188261834
1	188264680	188318733
1	188319283	188320502
1	188700036	188762629
1	188925052	188954475
1	188981294	189134567
1	189590608	189597773
1	189616237	189638487
1	189726451	189888414
1	189983338	189983667
2	189983668	189986049
3	189986050	189988085
2	189988086	189992780
1	189992781	189993305
1	190039595	190044142
2	190044143	190065586
3	190065587	190092374
2	190092375	190095691
3	190095692	190102938
8	190102939	190107548
9	190107549	190116386
10	190116387	190133872
9	190133873	190133874
6	190133875	190134701
6	190134702	190134702
2	190134703	190142374
1	190183023	190183065
2	190183066	190185250
1	190185251	190185282
1	190472655	190481686
1	190837330	190838733
1	191147324	191154967
1	191243080	191271508
1	191781794	191782683
1	191892800	191897199
2	191897200	191898150
3	191898151	191900884
2	191900885	191927640
3	191927641	191929898
4	191929899	191976818
1	191976819	191976998
1	192265651	192266861
1	192717156	192721513
1	192905254	192905572
1	193069200	193074563
2	193204702	193209526
1	193209527	193213876
1	193271678	193280599
2	193280600	193285726
1	193285727	193285921
1	193433534	193489202
2	193489203	193514060
3	193514061	193522549
4	193522550	193547046
3	193547047	193570097
2	193570098	193653519
1	193653520	193676327
2	193676328	193677234
3	193677235	193680032
2	193680033	193682367
1	193682368	193846834
1	194070387	194070766
2	194070767	194075325
3	194075326	194082751
2	194082752	194097652
4	194097653	194099917
5	194099918	194101608
4	194101609	194111011
3	194111012	194119841
4	194119842	194121184
5	194121185	194122647
4	194122648	194138917
1	194138918	194140965
2	194140966	194157864
3	194157865	194168298
4	194168299	194254530
5	194254531	194286965
4	194286966	194287157
3	194287158	194288165
2	194288166	194386076
1	194386077	194454287
1	194526471	194685638
1	194857460	194908855
2	194908856	194918454
3	194918455	194926883
1	194926884	194936134
3	194936135	194975845
4	194975846	194977756
5	194977757	194978245
6	194978246	194983117
7	194983118	194983336
8	194983337	194984097
9	194984098	194986901
10	194986902	194988263
11	194988264	194988478
12	194988479	194993071
13	194993072	194997657
14	194997658	194997770
17	194997771	194997795
18	194997796	194999755
19	194999756	195004813
20	195004814	195005519
21	195005520	195005548
22	195005549	195006453
23	195006454	195025052
22	195025053	195031210
23	195031211	195031965
24	195031966	195059831
25	195059832	195060950
26	195060951	195062806
25	195062807	195063100
27	195063101	195066234
26	195066235	195068234
27	195068235	195068694
26	195068695	195075438
25	195075439	195078924
24	195078925	195080686
23	195080687	195081318
22	195081319	195082993
20	195082994	195089555
19	195089556	195089651
21	195089652	195089652
29	195089653	195089855
28	195089856	195089939
29	195089940	195089965
30	195089966	195092485
33	195092486	195100121
32	195100122	195100652
31	195100653	195129191
30	195129192	195133855
28	195133856	195148204
29	195148205	195153392
27	195153393	195160948
25	195160949	195163710
19	195163711	195165286
18	195165287	195168371
17	195168372	195168375
13	195168376	195182981
12	195182982	195185069
11	195185070	195186580
10	195186581	195186770
9	195186771	195187682
8	195187683	195193634
7	195193635	195199867
6	195199868	195212036
7	195212037	195220007
6	195220008	195221852
4	195221853	195228424
3	195228425	195244421
4	195244422	195274101
3	195274102	195278199
2	195278200	195332696
1	195332697	195436394
1	195738086	195766886
2	195766887	195767106
3	195767107	195767130
4	195767131	195767138
5	195767139	195767142
6	195767143	195769893
5	195769894	195769896
4	195769897	195769905
3	195769906	195769965
2	195769966	195770143
1	195770144	195778019
1	195882014	195968847
1	196023411	196024626
1	196569006	196571016
2	196571017	196577116
1	196577117	196582348
1	196738880	196739235
3	196739236	196740258
4	196740259	196740976
5	196740977	196741715
6	196741716	196741874
7	196741875	196742447
8	196742448	196743943
6	196743944	196750331
5	196750332	196751816
4	196751817	196754443
3	196754444	196754611
1	196754612	196765230
1	196887052	196896229
1	197040116	197040308
2	197040309	197040335
3	197040336	197040371
4	197040372	197041903
3	197041904	197042036
2	197042037	197042135
1	197042136	197042299
1	197215222	197223207
1	197295301	197320762
2	197320763	197365480
1	197378049	197380462
1	197705075	197705326
2	197705327	197705367
3	197705368	197706853
2	197706854	197706984
1	197706985	197707099
1	197808393	197812029
1	198365160	198371614
1	198774133	198863599
1	198924789	198934595
1	199093796	199262354
1	199345711	199348565
3	199479459	199481376
2	199481377	199483770
1	199488425	199489540
1	199784793	199835238
1	199903347	199934484
1	200182977	200188891
1	200200378	200203267
1	200244450	200253040
1	200743271	200767731
2	200767732	200813723
1	200813724	200834011
2	200834012	200910133
3	200910134	200935186
2	200935187	200948829
1	200948830	200990828
2	202036514	202053825
1	202053826	202067048
1	202154269	202156524
1	202204481	202212020
1	202581889	202581977
2	202581978	202583638
1	202583639	202583715
1	202589558	202621866
1	202667406	202670281
1	203284665	203286028
1	203444971	203445652
1	203765769	203767388
1	204186230	204407369
1	204766250	204775639
1	204922611	204924039
2	204924040	204925805
1	204925806	205013598
2	205013599	205035919
1	205035920	205124380
1	205358882	205358967
2	205358968	205359996
1	205359997	205360050
1	205607052	205608585
2	205608586	205608618
3	205608619	205608657
4	205608658	205612186
3	205612187	205612230
2	205612231	205612258
1	205612259	205612771
1	205624502	205763496
3	205763497	205763569
4	205763570	205764095
5	205764096	205765348
6	205765349	205784355
7	205784356	205785705
8	205785706	205803246
9	205803247	205804261
8	205804262	205804942
7	205804943	205805948
5	205805949	205807155
4	205807156	205814724
3	205814725	205817762
1	205817763	205888721
2	205888722	205894246
1	205894247	205908610
2	205908611	205913261
1	205913262	205938850
2	205938851	205940117
1	205940118	205991689
1	206299457	206323919
1	206365585	206492293
2	206492294	206492330
3	206492331	206510144
5	206510145	206512422
6	206512423	206512981
7	206512982	206521227
6	206521228	206521801
4	206521802	206523544
3	206523545	206526433
2	206526434	206526444
1	206526445	206563740
1	206840755	206884715
1	207188300	207192595
1	208137197	208138177
2	208138178	208142223
3	208142224	208142235
4	208142236	208143484
5	208143485	208143945
6	208143946	208144436
7	208144437	208144676
8	208144677	208144678
9	208144679	208148235
10	208148236	208150606
9	208150607	208152593
8	208152594	208152597
7	208152598	208152619
6	208152620	208152797
5	208152798	208154267
4	208154268	208160873
3	208160874	208163032
2	208163033	208165119
1	208165120	208167405
1	208325276	208370941
1	208540737	208628703
1	208646146	208670752
4	208670753	208671368
5	208671369	208674613
4	208674614	208679146
3	208679147	208680238
1	208680239	208687401
1	208788822	208788865
2	208788866	208788877
3	208788878	208788881
4	208788882	208791630
3	208791631	208791690
2	208791691	208791763
1	208791764	208793885
1	208869521	208885991
2	208885992	208887498
3	208887499	208893958
4	208893959	208900725
2	208900726	208902063
1	208902064	208916933
1	209435916	209437111
1	209516178	209520372
1	210537527	210537757
2	210537758	210537758
3	210537759	210537775
5	210537776	210537776
6	210537777	210537778
7	210537779	210539238
7	210539239	210539239
4	210539240	210539256
1	210539257	210539485
1	210714766	210722749
2	210722750	210723883
1	210723884	210766558
2	210766559	210770544
1	210770545	210909725
1	210913883	210921384
1	210992052	210992868
2	210992869	210994733
1	210994734	211069442
2	211069443	211071637
3	211071638	211072686
4	211072687	211073019
3	211073020	211076119
2	211076120	211077058
1	211077059	211080004
1	211712467	211718770
1	211781124	212625280
1	212625281	212626673
1	212889557	212889974
1	212919913	212922144
1	213558856	213560091
2	213560092	213565726
1	213565727	213567705
1	213780044	213802217
1	214144387	214146777
1	215210747	215282227
1	215294739	215296296
1	215356748	215360950
1	215385218	215391276
1	215701253	215854655
2	216247751	216248325
3	216248326	216248853
4	216248854	216249100
5	216249101	216249110
6	216249111	216249126
7	216249127	216255216
7	216255217	216255217
5	216255218	216255287
4	216255288	216255481
3	216255482	216257062
2	216257063	216263959
3	216263960	216269066
4	216269067	216270551
3	216270552	216273112
2	216273113	216282163
1	216312055	216313368
1	216484143	216484874
2	216484875	216489762
1	216489763	216490227
1	217228234	218144278
1	218144279	218603931
1	218603932	218616388
1	218985638	218989401
1	219119246	219120394
1	219281512	219282615
1	219812673	219820231
1	220210400	220214379
1	220362590	220441316
3	220441317	220441713
4	220441714	220447785
3	220447786	220449362
1	220449363	220451719
2	220451720	220456148
1	220456149	220524935
1	221083948	221090226
1	221681361	221694996
2	221694997	221698667
1	221698668	221711028
1	221917641	221998033
2	221998034	222001842
3	222001843	222013703
2	222013704	222155538
3	222155539	222159163
2	222159164	222211131
1	222211132	222267588
2	222267589	222270399
1	222270400	222427006
2	222427007	222429785
1	222429786	222446631
1	222450467	222646691
2	222646692	222655995
1	222655996	222712972
1	223154547	223319896
1	223471574	223593400
1	223698027	223725398
2	223725399	223725839
3	223725840	223731616
4	223731617	223731906
5	223731907	223732316
6	223732317	223734099
5	223734100	223743204
4	223743205	223746767
5	223746768	223748077
4	223748078	223750818
3	223750819	223752647
2	223752648	223752857
1	223752858	223770107
1	224093029	224124004
2	224124005	224127025
1	224127026	224145537
1	224413180	224417018
1	224467789	224490194
3	224490195	224555448
1	224891964	224894660
2	224894661	224899926
1	225209564	225210348
2	225210349	225211382
1	225211383	225211603
1	225416271	225420812
1	225721186	225750746
1	225946739	225979096
3	225979097	225986683
6	225986684	226002384
4	226002385	226024213
3	226024214	226034560
1	226034561	226101753
2	226101754	226104746
1	226104747	226112370
2	226112371	226170403
1	226170404	226522769
2	226522770	226530870
5	226530871	226561412
6	226561413	226612864
5	226612865	226623410
4	226623411	226684710
2	226684711	226748371
1	226748372	226821094
2	226821095	226822359
3	226822360	226822367
4	226822368	226823308
3	226823309	226824561
1	226824562	226838003
2	226838004	226838029
3	226838030	226840228
2	226840229	226840254
1	226840255	226872831
1	227089316	227097120
1	227438736	227440246
1	227866306	227873955
2	227873956	227874917
3	227874918	227878653
4	227878654	227878852
5	227878853	227878974
6	227878975	227879158
7	227879159	227879160
8	227879161	227879570
9	227879571	227882340
8	227882341	227883478
9	227883479	227886236
8	227886237	227886818
7	227886819	227887385
6	227887386	227887462
5	227887463	227887467
4	227887468	227887722
3	227887723	227888901
4	227888902	227891491
3	227891492	227894005
2	227894006	227896342
1	227896343	227897811
1	228199169	228200502
1	228484969	228502360
3	228502361	228506878
2	228506879	228508872
1	228508873	228510400
1	228779487	228782224
1	228812517	228816268
2	229385301	229387088
4	229387089	229387542
5	229387543	229388565
1	229388566	229389961
1	229602207	229609274
1	229691383	229718013
2	229718014	229778111
3	229778112	229779592
4	229779593	229793716
5	229793717	229875337
4	229875338	229879756
3	229879757	229880455
2	229880456	229894663
1	229894664	229982618
1	230524960	230525213
2	230525214	230525217
3	230525218	230526872
3	230526873	230526873
1	230526874	230527080
1	230576628	230580288
1	230661638	230815722
2	230815723	230817764
1	230817765	231303194
2	231303195	231308212
1	231308213	231322486
2	231322487	231445841
1	231445842	231474038
1	232016517	232019177
1	232330965	232384421
2	232384422	232385060
3	232385061	232385233
4	232385234	232385267
5	232385268	232386369
4	232386370	232386447
3	232386448	232386459
2	232386460	232386597
1	232386598	232487225
1	232572811	232576480
1	232770219	232774657
1	232875926	232939948
2	232939949	232979289
4	232979290	233023541
3	233023542	233024500
2	233024501	233058351
1	233058352	233174053
2	233174054	233194585
1	233194586	233201573
1	233427940	233638782
2	233638783	233662861
1	233662862	233747161
2	233747162	233752429
1	233752430	233835000
1	234117830	234120794
1	234325435	234344749
1	234349280	234357654
1	234615497	234615681
2	234615682	234615708
3	234615709	234615723
4	234615724	234615725
6	234615726	234617951
5	234617952	234617962
4	234617963	234617968
2	234617969	234618089
1	234618090	234618189
2	234668946	234670833
3	234670834	234728136
4	234728137	234848561
1	234848562	234854411
1	234933459	234942893
2	234942894	234943599
3	234943600	234944945
1	234944946	234968986
2	235190394	235190797
3	235190798	235192594
4	235192595	235195957
5	235195958	235197962
4	235197963	235198133
3	235198134	235198137
4	235198138	235198733
5	235198734	235198961
4	235198962	235199342
2	235199343	235199581
1	235199582	235212540
1	235408376	235439422
1	235632471	235633075
1	236008417	236030819
2	236030820	236032340
1	236032341	236067691
2	236067692	236079392
3	236079393	236170615
4	236170616	236174728
3	236174729	236508583
4	236508584	236550922
5	236550923	236552163
6	236552164	236552910
5	236552911	236554541
4	236554542	236714484
3	236714485	236757561
4	236757562	236767970
3	236767971	236769990
4	236769991	236771594
3	236771595	236792581
2	236792582	236795120
1	236795121	236817114
2	236817115	236819234
1	236819235	236834724
1	236918783	236918883
2	236918884	236918889
3	236918890	236920061
2	236920062	236920132
1	236920133	236922716
1	237141880	237146095
1	237533073	237537731
1	237832717	237974042
3	237974043	238169674
4	238169675	238182647
5	238182648	238183495
4	238183496	238226383
3	238226384	238365581
2	238365582	238374769
1	238374770	238382241
2	238382242	238384029
1	238384030	238420691
2	238420692	238424259
1	238424260	238429481
2	238429482	238456126
1	238456127	238459363
2	238459364	238459621
3	238459622	238459925
4	238459926	238461330
3	238461331	238461406
2	238461407	238461502
1	238461503	238461615
1	240091721	240381976
2	240381977	240396436
1	240396437	240399581
1	241103290	241108315
2	241108316	241108565
3	241108566	241125522
5	241125523	241128681
6	241128682	241130778
5	241130779	241131050
3	241131051	241228886
4	241228887	241252978
3	241252979	241325041
2	241325042	241347507
1	241347508	241534704
1	241849136	241849279
2	241849280	241849360
3	241849361	241850383
2	241850384	241850607
1	241850608	241850632
1	242050461	242068460
2	242068461	242082241
1	242082242	242083986
1	242705151	242728099
1	243382842	243394707
1	243505832	243509158
1	243642870	243700889
2	243700890	243703661
6	243703662	243703664
7	243703665	243707189
9	243707190	243712903
7	243712904	243713526
6	243713527	243713551
5	243713552	243714348
1	243714349	243724287
2	243724288	243730141
1	243730142	243736330
2	243736331	243761705
1	243761706	243890224
2	243890225	243893606
2	243893607	243899265
1	243899266	243916717
3	243916718	243919010
3	243919011	243929844
1	243929845	244003128
1	244095202	244095684
2	244095685	244103914
1	244103915	244182624
1	244353545	244355011
1	244386105	244438718
2	244438719	244445615
1	244445616	244452756
1	244464557	244465605
1	244473769	244481438
2	244481439	244482615
1	244482616	244713847
2	244713848	244715220
1	244715221	244806257
2	244806258	244807566
1	244807567	244808277
1	245006479	245012643
1	245087740	245090823
1	245141053	245357753
2	245357754	245436951
1	245436952	245781207
2	245781208	245782620
3	245782621	245795584
2	245795585	245819829
3	245819830	245819956
4	245819957	245867713
5	245867714	245869828
4	245869829	245916095
6	245916096	245916648
7	245916649	245916677
8	245916678	245916813
9	245916814	245916908
10	245916909	245917046
11	245917047	245917078
12	245917079	245917097
13	245917098	245917099
14	245917100	245923130
13	245923131	245923133
12	245923134	245923150
11	245923151	245923152
10	245923153	245923189
9	245923190	245923405
8	245923406	245923950
7	245923951	245943967
6	245943968	245999977
7	245999978	246001010
6	246001011	246095364
7	246095365	246101322
6	246101323	246116402
7	246116403	246117874
8	246117875	246117970
9	246117971	246118073
10	246118074	246118115
11	246118116	246118119
12	246118120	246124262
11	246124263	246124315
10	246124316	246124494
9	246124495	246124534
8	246124535	246124610
7	246124611	246124717
6	246124718	246127581
7	246127582	246210113
8	246210114	246212266
9	246212267	246213301
8	246213302	246309150
9	246309151	246343768
8	246343769	246344260
6	246344261	246352063
5	246352064	246386402
6	246386403	246388938
5	246388939	246395457
4	246395458	246442692
3	246442693	246556994
2	246556995	246566731
3	246566732	246589302
4	246589303	246613166
6	246613167	246613269
7	246613270	246614357
6	246614358	246614380
5	246614381	246614566
6	246614567	246614979
4	246614980	246622616
5	246622617	246632702
6	246632703	246632952
5	246632953	246634149
6	246634150	246635007
6	246635008	246636815
7	246636816	246638064
6	246638065	246639856
5	246639857	246646933
4	246646934	246662303
5	246662304	246673634
6	246673635	246676878
6	246676879	246676879
6	246676880	246682735
7	246682736	246685966
6	246685967	246687781
7	246687782	246693540
8	246693541	246701350
9	246701351	246702343
8	246702344	246702388
7	246702389	246711566
8	246711567	246713050
9	246713051	246713385
8	246713386	246754132
9	246754133	246760995
10	246760996	246767345
9	246767346	246768570
10	246768571	246794521
11	246794522	246794550
12	246794551	246795029
11	246795030	246804696
12	246804697	246815816
13	246815817	246851481
14	246851482	246856101
15	246856102	246857030
14	246857031	246857051
13	246857052	246860245
12	246860246	246862186
11	246862187	246863304
10	246863305	246863835
9	246863836	246865936
10	246865937	246869165
9	246869166	246874935
10	246874936	246875050
9	246875051	246877957
8	246877958	246884004
6	246884005	246897163
5	246897164	246904381
6	246904382	246906145
7	246906146	246906170
8	246906171	246907522
7	246907523	246907647
6	246907648	246909447
7	246909448	246912407
6	246912408	246924301
7	246924302	246931996
6	246931997	246931999
5	246932000	246933721
6	246933722	246933866
7	246933867	246933938
8	246933939	246933978
9	246933979	246935400
8	246935401	246939280
7	246939281	246940657
7	246940658	246940658
5	246940659	246942060
4	246942061	246944045
3	246944046	246948742
2	246948743	247124861
1	247124862	247134312
1	247149254	247173068
